height			width			centers
band1: 705.619995nm - 769.640015nm
initial params: 
0.01	0.01	0.01	0.01	0.01	0.01	5.0	5.0	5.0	5.0	5.0	5.0	732	736	740	750	753	759	0	
optimize params: 
0.0583205071784	-0.802164852389	-0.0613669841701	0.0608407629097	-0.181610081468	0.754527673897	162.53185428	5.99961709482	4.18531450392	14.1678912386	42.9705037332	5.28351972046	708.59610001	752.177049454	731.457016219	768.392309027	739.363567085	752.217417255	0.0513070161112	
RMS: 0.001964  percent: 0.723854 

band2: 770.429993nm - 832.700012nm
initial params: 
0.6	0.6	0.6	0.6	0.6	0.6	5.0	5.0	5.0	5.0	5.0	5.0	783	791	797	803	810	820	0	
optimize params: 
-0.197398836419	-0.103654236704	-0.0496375241035	-0.125294222677	-0.0930790395224	-0.0665041263231	197.766229953	6.92785462609	3.39442267854	18.4415374553	11.7365364581	6.70257078533	793.282879508	791.549858359	796.984725148	802.825732278	813.955942296	821.896023334	0.0719040938589	
RMS: 0.002348  percent: 0.865321 

band3: 854.119995nm - 879.590027nm
initial params: 
0.2	0.2	0.2	5.0	5.0	5.0	863	868	873	0	
optimize params: 
-0.100445939127	-0.171221348965	0.0281614882014	4.75897094596	43.7629595144	3.51069636009	863.193874223	867.56903867	872.764546026	0.130846881076	
RMS: 0.000695  percent: 0.253794 

band4: 880.380005nm - 894.750000nm
initial params: 
0.2	5.0	889	0	
optimize params: 
-0.0811261746682	6.71362769367	888.538450086	0.363408588015	
RMS: 0.001749  percent: 0.532316 

