[ 0.37983215  0.38849106  0.40845481  0.43190524  0.44685254  0.45401677
  0.45770131  0.46287784  0.46671598  0.46890492  0.47065203  0.47200563
  0.47307283  0.47434839  0.47544935  0.47678741  0.47798853  0.47914827
  0.48003548  0.48079926  0.48130344  0.48184739  0.48235844  0.48309132
  0.48350008  0.48412303  0.48449243  0.48480866  0.48506323  0.48499579
  0.48490235  0.48461961  0.48424964  0.48370689  0.48319351  0.48242894
  0.48184352  0.48127862  0.48103785  0.4805851   0.48025716  0.47969738
  0.47935337  0.47893123  0.47870769  0.47817933  0.47771297  0.47651329
  0.47521355  0.47430232  0.47484894  0.47537164  0.47606227  0.47612151
  0.47594045  0.47517314  0.47373516  0.47096216  0.46871444  0.46618282
  0.46406642  0.46258994  0.46079094  0.45842997  0.45677102  0.45516492
  0.45168511  0.44264226  0.43631622  0.43487115  0.43151496  0.42036659
  0.40119481  0.37326715  0.35345828  0.34913731  0.34373805  0.34353798
  0.38536444  0.41047878  0.42114835  0.4273      0.43102037  0.43283088
  0.43388882  0.43398578  0.43430764  0.43419416  0.43529951  0.43660237
  0.43859594  0.44053442  0.44219031  0.44304504  0.44367242  0.44468941
  0.4453953   0.44566862  0.44610354  0.44619677  0.44648454  0.44650104
  0.44671487  0.44668397  0.44689264  0.44683464  0.44708734  0.44711813
  0.44732009  0.44722988  0.4473779   0.44719841  0.44727464  0.4469338
  0.44686527  0.44630465  0.44596161  0.44513984  0.44463274  0.44404759
  0.44363319  0.44280725  0.44229612  0.4415126   0.44085954  0.43971903
  0.43856829  0.43695637  0.43549311  0.43356377  0.43188323  0.43000469
  0.42855058  0.4270623   0.42627724  0.42529626  0.4246463   0.423831
  0.42357021  0.42282004  0.42182247  0.42051036  0.42057547  0.42071165
  0.42037507  0.41958091  0.420998    0.42227424  0.4204401   0.41637092
  0.41062861  0.40260933  0.39288471  0.37946627  0.36435887  0.35196474
  0.34653052  0.34660136  0.34942123  0.35155875  0.35332989  0.35476225
  0.35655251  0.35804372  0.35991711  0.36169536  0.36397074  0.36587218
  0.36803548  0.3696303   0.37128116  0.3727088   0.37431585  0.37540152
  0.37627532  0.37667647  0.37701376  0.37668051  0.376373    0.37552545
  0.37433672  0.37201985  0.36976807  0.36701633  0.36387902  0.36174565
  0.35993897  0.35564791  0.35011047  0.34724688  0.3443636   0.33888898
  0.32921927  0.31304076  0.29252986  0.27516528  0.26482169  0.2597715
  0.25608958  0.2503992   0.24193446  0.23417434  0.22700728  0.2159078
  0.23203843  0.26695498  0.28656908  0.2941149   0.29639167  0.29730857
  0.29844543  0.29831556  0.29698444  0.29427732  0.2902342   0.28582699
  0.28184917  0.27777859  0.27285614  0.26583299  0.25856486  0.25327115
  0.25001874  0.24902118  0.24846754  0.24594308  0.24300877  0.24130782
  0.24164891  0.24041089  0.23563932  0.23045125  0.22763128  0.23172986
  0.2335388   0.23275297  0.22968951  0.22522326  0.22006774  0.21416305
  0.20882982  0.20537707  0.20376241  0.20266252  0.20206584  0.20127933
  0.20018064  0.19800693  0.1959722   0.19547354  0.19610861  0.19711684
  0.1980997   0.20075057  0.20355927  0.20721016]