[ 0.30581655  0.30759917  0.30871597  0.30992672  0.31033704  0.31052422
  0.31114125  0.31182096  0.31279287  0.31367541  0.31435221  0.31515175
  0.31581141  0.31607466  0.31710903  0.31762665  0.31833297  0.31884343
  0.31947997  0.32001617  0.32078728  0.32138972  0.3220957   0.32276646
  0.32341075  0.32409931  0.32480388  0.32542119  0.32611736  0.32674382
  0.3274093   0.32785733  0.32827282  0.3286199   0.32902359  0.32926963
  0.32978423  0.33025338  0.33095856  0.33155689  0.33225192  0.33277486
  0.33360824  0.33433079  0.33524747  0.33602459  0.33704755  0.33789532
  0.33894061  0.33984624  0.3410317   0.34195981  0.34311056  0.34394276
  0.34503854  0.34577917  0.34663238  0.34694105  0.347504    0.34786586
  0.34847353  0.34875337  0.34922935  0.34929876  0.3496414   0.34954198
  0.34934439  0.34824961  0.34757493  0.34658317  0.34494412  0.34120978
  0.33396176  0.32291013  0.31153642  0.3015504   0.29338426  0.29397423
  0.30615983  0.31502945  0.32127894  0.32574821  0.32896735  0.33110191
  0.33249277  0.33340803  0.33466839  0.33652903  0.33896544  0.34085979
  0.34289762  0.34462936  0.34639292  0.34762022  0.34896604  0.34988427
  0.35105545  0.35203908  0.35347546  0.35455355  0.35590051  0.35695025
  0.35815294  0.35901754  0.36018003  0.36104119  0.36229771  0.36322196
  0.36443751  0.36527072  0.36634653  0.36704222  0.3680107   0.36868049
  0.36945203  0.36980335  0.37031454  0.37042436  0.37093695  0.37119947
  0.37177261  0.37175311  0.37205153  0.37202606  0.37222647  0.37194679
  0.37174163  0.37115761  0.37076326  0.36995185  0.36954998  0.36910165
  0.3690422   0.36877061  0.3688168   0.36863795  0.36891032  0.36888759
  0.36929227  0.36932966  0.36973365  0.36969289  0.36998496  0.36991466
  0.3696582   0.36887437  0.36829166  0.36671027  0.36418387  0.35883723
  0.35002927  0.337459    0.32011097  0.29851904  0.27858278  0.26732991
  0.26680038  0.27078931  0.27521395  0.27805647  0.28038422  0.28231753
  0.28480754  0.28778718  0.29112849  0.29389946  0.29720029  0.3005476
  0.304556    0.30898997  0.31403061  0.31847019  0.32276653  0.32631227
  0.32979272  0.33248639  0.33508758  0.33694117  0.33863331  0.33968755
  0.34063906  0.34095014  0.34139826  0.34118476  0.34090786  0.34016217
  0.33937877  0.33773527  0.33665517  0.33655112  0.33680707  0.33579573
  0.33303043  0.32671897  0.31797724  0.30947037  0.30269433  0.29656568
  0.28985094  0.28054037  0.26928985  0.25837006  0.24838215  0.24050696
  0.24508858  0.2554351   0.2627785   0.26650757  0.26739123  0.26797248
  0.26991835  0.27234481  0.27405436  0.27393489  0.27215643  0.26967215
  0.26721236  0.26470425  0.26158886  0.2576712   0.25373729  0.24987441
  0.24567584  0.24105524  0.23632926  0.23248113  0.23060494  0.23074241
  0.23207215  0.2323836   0.23154919  0.23044492  0.22980831  0.22948683
  0.22884272  0.22702737  0.22443286  0.22109711  0.21756942  0.21362781
  0.21014021  0.2075374   0.20582685  0.20462118  0.20352899  0.20241442
  0.20119244  0.20005458  0.19908069  0.19884832  0.19897348  0.19960922
  0.20099338  0.20258034  0.20442964  0.20639075]