file_name 				 ABP_bands 				 ABP_band1 				 ABP_band2 				 ABP_band3 				 
EscOx01B1_res.bmp		1.000000 		0.993506 (0.993506) 		0.159091 (0.159091) 		1.000000 (1.000000) 		
EscOx02B1_res.bmp		0.994009 		0.998366 (1.004383) 		0.715686 (0.720000) 		0.997821 (1.003835) 		
EscOx03B1_res.bmp		0.959664 		0.987115 (1.028605) 		0.821849 (0.856392) 		1.000000 (1.042031) 		
EscOx04B1_res.bmp		0.968826 		0.982885 (1.014511) 		0.808680 (0.834701) 		1.000000 (1.032177) 		
EscOx05B1_res.bmp		0.976996 		0.991881 (1.015235) 		0.852052 (0.872114) 		1.000000 (1.023546) 		
EscOx06B1_res.bmp		0.967890 		0.872324 (0.901264) 		1.000000 (1.033175) 		0.987768 (1.020537) 		
EscOx07B1_res.bmp		0.978953 		0.989733 (1.011012) 		0.088809 (0.090718) 		0.988193 (1.009439) 		
EscOx08B1_res.bmp		0.977383 		0.995153 (1.018181) 		0.996769 (1.019835) 		1.000000 (1.023140) 		
EscOx09B1_res.bmp		0.979113 		0.993771 (1.014971) 		0.984243 (1.005239) 		1.000000 (1.021333) 		
EscOx10B1_res.bmp		0.963115 		0.960041 (0.996808) 		0.574795 (0.596808) 		0.881660 (0.915425) 		
EscOx11B1_res.bmp		0.853507 		0.893665 (1.047051) 		0.640837 (0.750828) 		1.000000 (1.171637) 		
EscOx12B1_res.bmp		0.921107 		0.960041 (1.042269) 		0.979508 (1.063403) 		1.000000 (1.085650) 		
EscOx13B1_res.bmp		0.979777 		0.993661 (1.014171) 		0.763356 (0.779112) 		1.000000 (1.020640) 		
EscOx14B1_res.bmp		0.840480 		0.852830 (1.014694) 		0.775300 (0.922449) 		1.000000 (1.189796) 		
EscOx15B1_res.bmp		0.980080 		0.985657 (1.005690) 		0.972908 (0.992682) 		1.000000 (1.020325) 		
EscOx16B1_res.bmp		0.849650 		0.999301 (1.176133) 		0.955944 (1.125103) 		1.000000 (1.176955) 		
EscOx17B1_res.bmp		0.940784 		0.986100 (1.048168) 		0.546567 (0.580970) 		0.999444 (1.062352) 		
EscOx18B1_res.bmp		0.177799 		0.174036 (0.978836) 		1.000000 (5.624329) 		0.442145 (2.486769) 		
EscOx19B1_res.bmp		1.000000 		0.996219 (0.996219) 		0.173913 (0.173913) 		0.998110 (0.998110) 		
EscOx20B1_res.bmp		0.995628 		1.000000 (1.004391) 		0.100182 (0.100622) 		1.000000 (1.004391) 		
EscOx21B1_res.bmp		0.968372 		0.978605 (1.010567) 		0.900465 (0.929875) 		1.000000 (1.032661) 		
EscOx22B1_res.bmp		0.935329 		0.965269 (1.032010) 		0.423952 (0.453265) 		0.961677 (1.028170) 		
EscOx23B1_res.bmp		0.229694 		0.291611 (1.269563) 		0.781625 (3.402897) 		0.577896 (2.515939) 		
EscOx24B1_res.bmp		0.367103 		0.491178 (1.337984) 		0.969266 (2.640311) 		0.979511 (2.668218) 		
EscOx25B1_res.bmp		0.951538 		0.921249 (0.968168) 		0.871855 (0.916259) 		0.993476 (1.044074) 		
EscOx26B1_res.bmp		0.927889 		0.929322 (1.001544) 		0.574021 (0.618631) 		1.000000 (1.077715) 		
EscOx27B1_res.bmp		0.996347 		1.000000 (1.003666) 		0.907620 (0.910948) 		1.000000 (1.003666) 		
EscOx28B1_res.bmp		0.996524 		0.996910 (1.000387) 		0.261877 (0.262790) 		1.000000 (1.003488) 		
EscOx29B1_res.bmp		0.885649 		0.696086 (0.785961) 		0.911742 (1.029462) 		0.663853 (0.749567) 		
EscOx30B1_res.bmp		0.992223 		0.998056 (1.005879) 		0.834089 (0.840627) 		1.000000 (1.007838) 		
EscOx31B1_res.bmp		0.977838 		0.975142 (0.997243) 		0.947589 (0.969065) 		1.000000 (1.022664) 		
EscOx32B1_res.bmp		0.997255 		0.998431 (1.001179) 		0.930588 (0.933149) 		1.000000 (1.002753) 		
EscOx33B1_res.bmp		0.030051 		0.037374 (1.243686) 		0.942677 (31.369239) 		0.223485 (7.436857) 		
EscOx34B1_res.bmp		0.975144 		0.808216 (0.828817) 		0.998953 (1.024416) 		1.000000 (1.025490) 		
EscOx35B1_res.bmp		0.994738 		0.997369 (1.002645) 		0.214417 (0.215551) 		0.999211 (1.004497) 		
EscOx36B1_res.bmp		0.996803 		1.000000 (1.003207) 		0.807139 (0.809728) 		1.000000 (1.003207) 		
EscOx37B1_res.bmp		0.985484 		0.975806 (0.990179) 		0.652688 (0.662302) 		1.000000 (1.014730) 		
EscOx38B1_res.bmp		0.996967 		0.992418 (0.995437) 		0.569371 (0.571103) 		0.999621 (1.002662) 		
EscOx39B1_res.bmp		0.991793 		0.993687 (1.001910) 		0.876578 (0.883832) 		1.000000 (1.008275) 		
EscOx40B1_res.bmp		0.997825 		1.000000 (1.002180) 		0.858956 (0.860828) 		1.000000 (1.002180) 		
EscOx41B1_res.bmp		0.999091 		0.999091 (1.000000) 		0.991364 (0.992266) 		1.000000 (1.000910) 		
EscSulf01_res.bmp		1.000000 		0.989608 (0.989608) 		0.899095 (0.899095) 		0.995307 (0.995307) 		
EscSulf02_res.bmp		0.999786 		0.980736 (0.980946) 		0.580908 (0.581032) 		1.000000 (1.000214) 		
EscSulf03_res.bmp		0.949867 		0.906111 (0.953935) 		0.891724 (0.938788) 		0.958914 (1.009524) 		
EscSulf04_res.bmp		0.997686 		0.939316 (0.941495) 		0.896117 (0.898195) 		0.986886 (0.989175) 		
EscSulf08_res.bmp		1.000000 		0.998036 (0.998036) 		0.954615 (0.954615) 		0.997818 (0.997818) 		
EscSulf09_res.bmp		0.668494 		0.213405 (0.319232) 		0.991030 (1.482482) 		0.829700 (1.241148) 		
EscSulf10_res.bmp		0.998995 		0.976882 (0.977865) 		0.986375 (0.987367) 		1.000000 (1.001006) 		
EscSulf11_res.bmp		0.861313 		0.498903 (0.579235) 		0.949722 (1.102644) 		0.822170 (0.954554) 		
EscSulf12_res.bmp		0.034396 		0.040549 (1.178887) 		0.899180 (26.141993) 		0.004102 (0.119258) 		
EscSulf13_res.bmp		0.996809 		0.956484 (0.959546) 		0.947781 (0.950815) 		0.993328 (0.996508) 		
EscSulf14_res.bmp		0.999846 		0.897258 (0.897396) 		0.957332 (0.957479) 		0.981516 (0.981667) 		
EscSulf15_res.bmp		1.000000 		0.934539 (0.934539) 		0.812463 (0.812463) 		0.985650 (0.985650) 		
EscSulf16_res.bmp		0.995639 		0.803070 (0.806588) 		0.950462 (0.954625) 		0.990406 (0.994744) 		
EscSulf18_res.bmp		0.739053 		0.694379 (0.939552) 		0.966864 (1.308247) 		0.888166 (1.201762) 		
EscSulf20_res.bmp		0.871101 		0.444194 (0.509923) 		0.937993 (1.076790) 		0.759489 (0.871872) 		
EscSulf22_res.bmp		0.884543 		0.767201 (0.867342) 		0.987276 (1.116142) 		0.880302 (0.995205) 		
EscSulf25_res.bmp		1.000000 		1.000000 (1.000000) 		0.240777 (0.240777) 		1.000000 (1.000000) 		
EscSulf27_res.bmp		0.901054 		0.620609 (0.688759) 		0.857143 (0.951267) 		0.839578 (0.931773) 		
EscSulf30_res.bmp		0.997640 		0.942565 (0.944795) 		0.967742 (0.970031) 		0.997640 (1.000000) 		
EscSulf31_res.bmp		1.000000 		1.000000 (1.000000) 		0.933153 (0.933153) 		1.000000 (1.000000) 		
EscSulf32_res.bmp		0.993789 		0.898846 (0.904464) 		0.776398 (0.781250) 		0.937001 (0.942857) 		
EscSulf33_res.bmp		1.000000 		0.985465 (0.985465) 		0.909157 (0.909157) 		0.996366 (0.996366) 		
EscSulf35_res.bmp		0.965174 		0.291045 (0.301547) 		0.991915 (1.027706) 		0.631841 (0.654639) 		
EscSulf37_res.bmp		0.997613 		0.586516 (0.587919) 		0.611575 (0.613038) 		0.865155 (0.867225) 		
EscSulf39_res.bmp		0.931931 		0.850866 (0.913014) 		0.758663 (0.814076) 		1.000000 (1.073041) 		
EscSulf42_res.bmp		1.000000 		0.999513 (0.999513) 		0.665368 (0.665368) 		0.998539 (0.998539) 		
EscSulf44_res.bmp		0.998505 		0.851271 (0.852546) 		0.996263 (0.997755) 		0.866966 (0.868264) 		
EscSulf45_res.bmp		0.985529 		0.826352 (0.838486) 		0.956588 (0.970634) 		0.917746 (0.931222) 		
EscSulf46_res.bmp		1.000000 		0.985841 (0.985841) 		0.623009 (0.623009) 		1.000000 (1.000000) 		
EscSulf48_res.bmp		0.991681 		0.947587 (0.955536) 		0.667221 (0.672818) 		0.974210 (0.982382) 		
EscSulf49_res.bmp		0.998120 		0.975564 (0.977402) 		0.919173 (0.920904) 		0.991855 (0.993723) 		
EscSulf50_res.bmp		1.000000 		0.932667 (0.932667) 		0.992000 (0.992000) 		0.949333 (0.949333) 		
EscSulf51_res.bmp		0.972912 		0.856283 (0.880124) 		0.984199 (1.011601) 		0.986456 (1.013921) 		
EscSulf54_res.bmp		1.000000 		0.976744 (0.976744) 		0.722431 (0.722431) 		0.963241 (0.963241) 		
EscSulf55_res.bmp		0.999144 		0.966610 (0.967438) 		0.765411 (0.766067) 		0.999144 (1.000000) 		
EscSulf57_res.bmp		1.000000 		0.998092 (0.998092) 		0.948473 (0.948473) 		0.997137 (0.997137) 		
EscSulf58_res.bmp		1.000000 		1.000000 (1.000000) 		0.928975 (0.928975) 		1.000000 (1.000000) 		
EscSulf59_res.bmp		1.000000 		0.879679 (0.879679) 		0.507130 (0.507130) 		0.979501 (0.979501) 		
EscSulf62_res.bmp		0.977629 		0.573826 (0.586957) 		0.710291 (0.726545) 		0.803132 (0.821510) 		

Band Average Contribution Rate: 		   band1: 0.947493   	band2: 0.798956   	band3: 1.035336 
