file_name 				 all_bands 				 ABP_bands 				 ABP_band1 				 ABP_band2 				 ABP_band3 				 
EscOx01B1_res.bmp		0.998377 		1.000000 (1.001626) 		0.993506 (0.995121) 		0.159091 (0.159350) 		1.000000 (1.001626) 		
EscOx02B1_res.bmp		0.968410 		0.994009 (1.026434) 		0.998366 (1.030933) 		0.715686 (0.739032) 		0.997821 (1.030370) 		
EscOx03B1_res.bmp		0.946779 		0.959664 (1.013609) 		0.987115 (1.042603) 		0.821849 (0.868047) 		1.000000 (1.056213) 		
EscOx04B1_res.bmp		0.932152 		0.968826 (1.039343) 		0.982885 (1.054426) 		0.808680 (0.867541) 		1.000000 (1.072786) 		
EscOx05B1_res.bmp		0.880018 		0.976996 (1.110200) 		0.991881 (1.127114) 		0.852052 (0.968221) 		1.000000 (1.136340) 		
EscOx06B1_res.bmp		0.945719 		0.967890 (1.023444) 		0.872324 (0.922392) 		1.000000 (1.057397) 		0.987768 (1.044462) 		
EscOx07B1_res.bmp		0.962012 		0.978953 (1.017610) 		0.989733 (1.028816) 		0.088809 (0.092316) 		0.988193 (1.027215) 		
EscOx08B1_res.bmp		0.945073 		0.977383 (1.034188) 		0.995153 (1.052991) 		0.996769 (1.054701) 		1.000000 (1.058119) 		
EscOx09B1_res.bmp		0.942470 		0.979113 (1.038880) 		0.993771 (1.054433) 		0.984243 (1.044323) 		1.000000 (1.061042) 		
EscOx10B1_res.bmp		0.933914 		0.963115 (1.031267) 		0.960041 (1.027976) 		0.574795 (0.615469) 		0.881660 (0.944048) 		
EscOx11B1_res.bmp		0.675339 		0.853507 (1.263820) 		0.893665 (1.323284) 		0.640837 (0.948912) 		1.000000 (1.480738) 		
EscOx12B1_res.bmp		0.892418 		0.921107 (1.032147) 		0.960041 (1.075775) 		0.979508 (1.097589) 		1.000000 (1.120551) 		
EscOx13B1_res.bmp		0.933897 		0.979777 (1.049127) 		0.993661 (1.063994) 		0.763356 (0.817388) 		1.000000 (1.070782) 		
EscOx14B1_res.bmp		0.884048 		0.840480 (0.950718) 		0.852830 (0.964687) 		0.775300 (0.876989) 		1.000000 (1.131160) 		
EscOx15B1_res.bmp		0.968924 		0.980080 (1.011514) 		0.985657 (1.017270) 		0.972908 (1.004112) 		1.000000 (1.032073) 		
EscOx16B1_res.bmp		0.795105 		0.849650 (1.068601) 		0.999301 (1.256816) 		0.955944 (1.202286) 		1.000000 (1.257696) 		
EscOx17B1_res.bmp		0.930498 		0.940784 (1.011054) 		0.986100 (1.059755) 		0.546567 (0.587392) 		0.999444 (1.074096) 		
EscOx18B1_res.bmp		0.482596 		0.177799 (0.368422) 		0.174036 (0.360625) 		1.000000 (2.072127) 		0.442145 (0.916180) 		
EscOx19B1_res.bmp		1.000000 		1.000000 (1.000000) 		0.996219 (0.996219) 		0.173913 (0.173913) 		0.998110 (0.998110) 		
EscOx20B1_res.bmp		0.908925 		0.995628 (1.095391) 		1.000000 (1.100201) 		0.100182 (0.110220) 		1.000000 (1.100201) 		
EscOx21B1_res.bmp		0.880930 		0.968372 (1.099261) 		0.978605 (1.110877) 		0.900465 (1.022175) 		1.000000 (1.135164) 		
EscOx22B1_res.bmp		0.873054 		0.935329 (1.071330) 		0.965269 (1.105623) 		0.423952 (0.485597) 		0.961677 (1.101509) 		
EscOx23B1_res.bmp		0.505992 		0.229694 (0.453948) 		0.291611 (0.576315) 		0.781625 (1.544738) 		0.577896 (1.142105) 		
EscOx24B1_res.bmp		0.446215 		0.367103 (0.822704) 		0.491178 (1.100765) 		0.969266 (2.172195) 		0.979511 (2.195155) 		
EscOx25B1_res.bmp		0.935228 		0.951538 (1.017440) 		0.921249 (0.985053) 		0.871855 (0.932238) 		0.993476 (1.062282) 		
EscOx26B1_res.bmp		0.918816 		0.927889 (1.009875) 		0.929322 (1.011434) 		0.574021 (0.624740) 		1.000000 (1.088357) 		
EscOx27B1_res.bmp		0.974948 		0.996347 (1.021949) 		1.000000 (1.025696) 		0.907620 (0.930942) 		1.000000 (1.025696) 		
EscOx28B1_res.bmp		0.978756 		0.996524 (1.018154) 		0.996910 (1.018548) 		0.261877 (0.267561) 		1.000000 (1.021705) 		
EscOx29B1_res.bmp		0.851880 		0.885649 (1.039641) 		0.696086 (0.817117) 		0.911742 (1.070270) 		0.663853 (0.779280) 		
EscOx30B1_res.bmp		0.972780 		0.992223 (1.019987) 		0.998056 (1.025983) 		0.834089 (0.857428) 		1.000000 (1.027982) 		
EscOx31B1_res.bmp		0.953279 		0.977838 (1.025763) 		0.975142 (1.022935) 		0.947589 (0.994031) 		1.000000 (1.049011) 		
EscOx32B1_res.bmp		0.970980 		0.997255 (1.027060) 		0.998431 (1.028271) 		0.930588 (0.958401) 		1.000000 (1.029887) 		
EscOx33B1_res.bmp		0.298232 		0.030051 (0.100764) 		0.037374 (0.125319) 		0.942677 (3.160885) 		0.223485 (0.749366) 		
EscOx34B1_res.bmp		0.965463 		0.975144 (1.010027) 		0.808216 (0.837128) 		0.998953 (1.034688) 		1.000000 (1.035772) 		
EscOx35B1_res.bmp		0.952118 		0.994738 (1.044763) 		0.997369 (1.047527) 		0.214417 (0.225200) 		0.999211 (1.049461) 		
EscOx36B1_res.bmp		0.947256 		0.996803 (1.052306) 		1.000000 (1.055681) 		0.807139 (0.852081) 		1.000000 (1.055681) 		
EscOx37B1_res.bmp		0.975269 		0.985484 (1.010474) 		0.975806 (1.000551) 		0.652688 (0.669239) 		1.000000 (1.025358) 		
EscOx38B1_res.bmp		0.996967 		0.996967 (1.000000) 		0.992418 (0.995437) 		0.569371 (0.571103) 		0.999621 (1.002662) 		
EscOx39B1_res.bmp		0.980745 		0.991793 (1.011265) 		0.993687 (1.013196) 		0.876578 (0.893788) 		1.000000 (1.019633) 		
EscOx40B1_res.bmp		0.914068 		0.997825 (1.091631) 		1.000000 (1.094011) 		0.858956 (0.939707) 		1.000000 (1.094011) 		
EscOx41B1_res.bmp		0.980000 		0.999091 (1.019481) 		0.999091 (1.019481) 		0.991364 (1.011596) 		1.000000 (1.020408) 		
EscSulf01_res.bmp		0.999888 		1.000000 (1.000112) 		0.989608 (0.989719) 		0.899095 (0.899196) 		0.995307 (0.995418) 		
EscSulf02_res.bmp		0.999572 		0.999786 (1.000214) 		0.980736 (0.981156) 		0.580908 (0.581157) 		1.000000 (1.000428) 		
EscSulf03_res.bmp		0.968704 		0.949867 (0.980554) 		0.906111 (0.935385) 		0.891724 (0.920533) 		0.958914 (0.989894) 		
EscSulf04_res.bmp		0.999229 		0.997686 (0.998456) 		0.939316 (0.940041) 		0.896117 (0.896808) 		0.986886 (0.987647) 		
EscSulf08_res.bmp		0.999782 		1.000000 (1.000218) 		0.998036 (0.998254) 		0.954615 (0.954823) 		0.997818 (0.998036) 		
EscSulf09_res.bmp		0.597110 		0.668494 (1.119549) 		0.213405 (0.357396) 		0.991030 (1.659711) 		0.829700 (1.389526) 		
EscSulf10_res.bmp		0.997655 		0.998995 (1.001343) 		0.976882 (0.979178) 		0.986375 (0.988693) 		1.000000 (1.002351) 		
EscSulf11_res.bmp		0.880715 		0.861313 (0.977970) 		0.498903 (0.566475) 		0.949722 (1.078353) 		0.822170 (0.933526) 		
EscSulf12_res.bmp		0.156674 		0.034396 (0.219539) 		0.040549 (0.258811) 		0.899180 (5.739178) 		0.004102 (0.026182) 		
EscSulf13_res.bmp		0.997099 		0.996809 (0.999709) 		0.956484 (0.959267) 		0.947781 (0.950539) 		0.993328 (0.996218) 		
EscSulf14_res.bmp		1.000000 		0.999846 (0.999846) 		0.897258 (0.897258) 		0.957332 (0.957332) 		0.981516 (0.981516) 		
EscSulf15_res.bmp		1.000000 		1.000000 (1.000000) 		0.934539 (0.934539) 		0.812463 (0.812463) 		0.985650 (0.985650) 		
EscSulf16_res.bmp		0.998256 		0.995639 (0.997378) 		0.803070 (0.804473) 		0.950462 (0.952123) 		0.990406 (0.992136) 		
EscSulf18_res.bmp		0.717456 		0.739053 (1.030102) 		0.694379 (0.967835) 		0.966864 (1.347628) 		0.888166 (1.237938) 		
EscSulf20_res.bmp		0.962420 		0.871101 (0.905115) 		0.444194 (0.461539) 		0.937993 (0.974619) 		0.759489 (0.789145) 		
EscSulf22_res.bmp		0.894910 		0.884543 (0.988416) 		0.767201 (0.857294) 		0.987276 (1.103213) 		0.880302 (0.983677) 		
EscSulf25_res.bmp		1.000000 		1.000000 (1.000000) 		1.000000 (1.000000) 		0.240777 (0.240777) 		1.000000 (1.000000) 		
EscSulf27_res.bmp		0.919789 		0.901054 (0.979631) 		0.620609 (0.674730) 		0.857143 (0.931891) 		0.839578 (0.912794) 		
EscSulf30_res.bmp		0.999213 		0.997640 (0.998426) 		0.942565 (0.943307) 		0.967742 (0.968504) 		0.997640 (0.998426) 		
EscSulf31_res.bmp		1.000000 		1.000000 (1.000000) 		1.000000 (1.000000) 		0.933153 (0.933153) 		1.000000 (1.000000) 		
EscSulf32_res.bmp		1.000000 		0.993789 (0.993789) 		0.898846 (0.898846) 		0.776398 (0.776398) 		0.937001 (0.937001) 		
EscSulf33_res.bmp		0.999273 		1.000000 (1.000728) 		0.985465 (0.986182) 		0.909157 (0.909818) 		0.996366 (0.997091) 		
EscSulf35_res.bmp		0.983831 		0.965174 (0.981036) 		0.291045 (0.295828) 		0.991915 (1.008217) 		0.631841 (0.642225) 		
EscSulf37_res.bmp		0.998807 		0.997613 (0.998805) 		0.586516 (0.587217) 		0.611575 (0.612305) 		0.865155 (0.866188) 		
EscSulf39_res.bmp		0.879950 		0.931931 (1.059073) 		0.850866 (0.966948) 		0.758663 (0.862166) 		1.000000 (1.136428) 		
EscSulf42_res.bmp		1.000000 		1.000000 (1.000000) 		0.999513 (0.999513) 		0.665368 (0.665368) 		0.998539 (0.998539) 		
EscSulf44_res.bmp		0.999253 		0.998505 (0.999251) 		0.851271 (0.851907) 		0.996263 (0.997008) 		0.866966 (0.867614) 		
EscSulf45_res.bmp		0.982483 		0.985529 (1.003100) 		0.826352 (0.841085) 		0.956588 (0.973643) 		0.917746 (0.934109) 		
EscSulf46_res.bmp		1.000000 		1.000000 (1.000000) 		0.985841 (0.985841) 		0.623009 (0.623009) 		1.000000 (1.000000) 		
EscSulf48_res.bmp		0.998336 		0.991681 (0.993334) 		0.947587 (0.949166) 		0.667221 (0.668333) 		0.974210 (0.975834) 		
EscSulf49_res.bmp		1.000000 		0.998120 (0.998120) 		0.975564 (0.975564) 		0.919173 (0.919173) 		0.991855 (0.991855) 		
EscSulf50_res.bmp		1.000000 		1.000000 (1.000000) 		0.932667 (0.932667) 		0.992000 (0.992000) 		0.949333 (0.949333) 		
EscSulf51_res.bmp		0.981941 		0.972912 (0.990805) 		0.856283 (0.872031) 		0.984199 (1.002300) 		0.986456 (1.004598) 		
EscSulf54_res.bmp		1.000000 		1.000000 (1.000000) 		0.976744 (0.976744) 		0.722431 (0.722431) 		0.963241 (0.963241) 		
EscSulf55_res.bmp		0.999144 		0.999144 (1.000000) 		0.966610 (0.967438) 		0.765411 (0.766067) 		0.999144 (1.000000) 		
EscSulf57_res.bmp		1.000000 		1.000000 (1.000000) 		0.998092 (0.998092) 		0.948473 (0.948473) 		0.997137 (0.997137) 		
EscSulf58_res.bmp		1.000000 		1.000000 (1.000000) 		1.000000 (1.000000) 		0.928975 (0.928975) 		1.000000 (1.000000) 		
EscSulf59_res.bmp		0.997326 		1.000000 (1.002681) 		0.879679 (0.882038) 		0.507130 (0.508490) 		0.979501 (0.982127) 		
EscSulf62_res.bmp		0.993289 		0.977629 (0.984234) 		0.573826 (0.577703) 		0.710291 (0.715090) 		0.803132 (0.808558) 		

Band Average Contribution Rate: 		 bands: 0.979459   	band1: 0.920298   	band2: 0.963324   	band3: 1.019709 
